  -5.7794669e-01   1.5539684e-01   5.9263347e-01  -3.9380436e-01  -2.0787300e-01
   4.1120563e-01  -7.5944436e-02   1.9383231e-01  -6.7054399e-01   4.1299584e-01
   3.3605477e-01  -5.9004748e-01  -5.6886265e-01   1.0670927e-01   7.0616757e-01
   3.6252175e-01   4.6360259e-03   4.7232321e-02   6.2120470e-01  -1.1298284e-01
   4.3173952e-01   6.6067550e-01  -1.0632912e-01  -4.5859367e-01  -5.1401820e-01
  -5.7381958e-01   2.8923820e-01  -3.3821104e-01  -6.8692596e-01   7.0217354e-01
   7.4419121e-01   1.0262725e-01   4.7261096e-01   7.1255569e-01   6.9977230e-01
   6.9656345e-01  -1.1313691e-01  -1.9615732e-01  -2.5410948e-02  -5.7723679e-01
   1.7150919e-01   5.6508377e-01  -1.2579626e-01  -4.5319790e-01   5.7824851e-01
  -5.2057695e-01  -5.0119914e-03  -2.8090684e-02   1.8775284e-01   3.0960646e-01
   2.5936843e-01  -5.9938437e-01   7.0820999e-01  -7.1578891e-01  -4.8041735e-01
  -3.4760993e-01  -4.0782235e-01   1.1770071e-01  -3.9367513e-01  -2.9605478e-01
   2.5556119e-01   3.9006204e-02  -5.1196009e-01   6.1546117e-01  -6.9935080e-01
   2.4882424e-02   4.3137114e-01   1.2648345e-01  -6.3749662e-01  -7.2179939e-01
   5.0547896e-01  -6.7667102e-02   6.3810741e-01  -2.0047366e-01   5.1341130e-01
  -3.4085654e-01  -1.2955853e-01   1.7912407e-02  -3.4274885e-01   4.4374548e-01
   3.1483992e-01   4.6647596e-02   4.3536792e-01   2.1870381e-01  -1.3479203e-01
  -5.6331602e-03   6.4667685e-01   6.0859379e-01  -3.8247537e-01  -3.2798389e-01
  -1.2781186e-01   7.0964630e-01  -2.5633027e-01  -5.7108109e-01   7.5870975e-01
  -2.8608193e-01   7.9994893e-01  -6.1505299e-01  -6.4502258e-01  -2.8795976e-02
  -1.8268571e-02   7.4758150e-01  -4.3698179e-02   6.1125676e-02   3.5938351e-01
  -2.8430427e-01  -2.1349943e-01   5.2177728e-01  -7.0083382e-02   2.4535728e-01
  -4.8522600e-01  -5.0577815e-01  -1.9898467e-01  -3.9472538e-02  -7.1820049e-01
  -4.4918851e-01  -3.3566809e-01   6.3334576e-01  -5.6338434e-01  -5.9869564e-01
  -5.5982074e-01   3.3973411e-03   2.7407115e-01  -1.4030842e-01  -5.6487204e-01
  -5.3677927e-01   4.8728519e-03  -4.3568826e-01   2.6539552e-01   5.0540628e-01
   1.8977045e-02   2.1071681e-01  -5.7815194e-01   3.7053696e-01   1.9307396e-01
  -7.6520318e-01  -9.3638825e-03   7.2710940e-01  -4.0917849e-01  -2.2105972e-01
  -2.6120229e-01  -3.3469544e-01  -7.3834842e-01   6.8490201e-01  -4.6813711e-02
  -1.1625167e-02  -2.1581873e-01   4.8003851e-01  -7.3781259e-01   1.3746090e-01
