  -5.3780067e-01  -1.9545450e-01   3.2430609e-01  -1.5826454e-02  -3.4000541e-01
   3.9481874e-01   4.9171086e-01   7.6855623e-01  -6.5634074e-01  -7.6489202e-01
   4.3173952e-01   6.6067550e-01  -1.0632912e-01  -4.5859367e-01  -5.1401820e-01
   4.0394226e-01  -3.9610815e-01  -2.0548044e-01   5.1474052e-01  -2.0989271e-01
   3.1483992e-01   4.6647596e-02   4.3536792e-01   2.1870381e-01  -1.3479203e-01
   5.2932669e-01   5.1177093e-01   5.6845099e-02  -3.7213141e-01   2.1012324e-01
   4.0655420e-01  -1.8903069e-01  -2.4313108e-01  -5.1736139e-01   4.3190193e-01
   1.8977045e-02   2.1071681e-01  -5.7815194e-01   3.7053696e-01   1.9307396e-01
   5.4930311e-01  -3.9045003e-02   4.9361975e-01  -2.4017188e-01  -6.3251070e-02
  -7.6520318e-01  -9.3638825e-03   7.2710940e-01  -4.0917849e-01  -2.2105972e-01
  -2.8608193e-01   7.9994893e-01  -6.1505299e-01  -6.4502258e-01  -2.8795976e-02
   3.3650915e-01   6.4936856e-01   5.2599022e-01  -2.4918688e-01  -1.0344518e-01
  -3.9973554e-01   9.9384926e-03  -4.4962358e-01  -7.9949606e-01  -7.5456814e-01
  -5.5982074e-01   3.3973411e-03   2.7407115e-01  -1.4030842e-01  -5.6487204e-01
  -1.8268571e-02   7.4758150e-01  -4.3698179e-02   6.1125676e-02   3.5938351e-01
  -1.6178603e-01  -5.2707744e-01  -3.6757375e-01  -1.4795154e-01  -3.1732337e-01
  -3.5796934e-01  -4.0479850e-01   2.7900757e-02  -4.7558402e-01  -7.7127184e-01
  -5.7455175e-01  -1.2352154e-01  -6.3207614e-01  -4.0174259e-01   1.6812918e-01
  -5.2057695e-01  -5.0119914e-03  -2.8090684e-02   1.8775284e-01   3.0960646e-01
   7.4419121e-01   1.0262725e-01   4.7261096e-01   7.1255569e-01   6.9977230e-01
  -7.3462420e-01   4.5109830e-01   4.5843034e-01   3.4419629e-01  -2.9930238e-01
  -2.7422996e-01   6.1309769e-01   4.1901647e-01   7.0623396e-01   2.1833046e-01
   5.0013524e-02   2.3597980e-02  -6.5665379e-01   6.6976388e-01   6.8083201e-01
  -7.5071486e-01  -2.6120157e-01  -1.8143856e-01   5.9587982e-01   8.4948229e-02
   3.6252175e-01   4.6360259e-03   4.7232321e-02   6.2120470e-01  -1.1298284e-01
   6.9765930e-01  -1.7890524e-01   6.2715201e-01  -3.7004941e-02   3.5380650e-01
   2.3685320e-01  -1.0862335e-01  -2.8490924e-01  -7.0697649e-01   6.5138960e-01
   2.5556119e-01   3.9006204e-02  -5.1196009e-01   6.1546117e-01  -6.9935080e-01
  -3.4085654e-01  -1.2955853e-01   1.7912407e-02  -3.4274885e-01   4.4374548e-01
   5.0547896e-01  -6.7667102e-02   6.3810741e-01  -2.0047366e-01   5.1341130e-01
   1.8071844e-01   7.7370058e-01  -3.1080311e-01   2.0978512e-01   5.2663692e-01
  -2.3892742e-01  -5.9891058e-01   5.0147315e-01  -1.3503969e-01   3.6666708e-01
  -7.2730750e-01   6.6041822e-01  -4.2919686e-01  -6.8187637e-01  -6.5370792e-01
  -1.2781186e-01   7.0964630e-01  -2.5633027e-01  -5.7108109e-01   7.5870975e-01
   1.9310012e-02  -5.9036344e-01  -7.2765617e-02  -1.4130376e-01  -7.5736969e-01
  -2.8430427e-01  -2.1349943e-01   5.2177728e-01  -7.0083382e-02   2.4535728e-01
   5.1724696e-01  -6.0902962e-01   4.5836357e-01  -5.8168639e-01  -5.2199897e-01
  -2.6120229e-01  -3.3469544e-01  -7.3834842e-01   6.8490201e-01  -4.6813711e-02
   1.7150919e-01   5.6508377e-01  -1.2579626e-01  -4.5319790e-01   5.7824851e-01
   6.9388996e-02  -5.0414313e-01  -6.7042218e-01  -7.5414537e-01   1.4400409e-01
  -4.8522600e-01  -5.0577815e-01  -1.9898467e-01  -3.9472538e-02  -7.1820049e-01
  -9.0611646e-02  -1.0398125e-02   4.9127669e-01  -2.6366290e-01  -6.2916620e-01
  -3.4257944e-01   5.4213364e-01   5.5759588e-01  -6.8461864e-01  -6.9756159e-02
  -1.5998956e-02   5.8025302e-02   4.0254273e-01   7.6131735e-01   6.6641822e-01
   2.4882424e-02   4.3137114e-01   1.2648345e-01  -6.3749662e-01  -7.2179939e-01
  -1.6221269e-01   2.4247526e-01   5.6606640e-01  -5.4231500e-01   2.0855602e-01
   6.9656345e-01  -1.1313691e-01  -1.9615732e-01  -2.5410948e-02  -5.7723679e-01
   4.1120563e-01  -7.5944436e-02   1.9383231e-01  -6.7054399e-01   4.1299584e-01
  -4.0795862e-01   5.2932155e-01   6.1777459e-01  -7.9366070e-01  -1.5012003e-01
  -5.6331602e-03   6.4667685e-01   6.0859379e-01  -3.8247537e-01  -3.2798389e-01
   3.3605477e-01  -5.9004748e-01  -5.6886265e-01   1.0670927e-01   7.0616757e-01
  -4.4918851e-01  -3.3566809e-01   6.3334576e-01  -5.6338434e-01  -5.9869564e-01
  -3.4760993e-01  -4.0782235e-01   1.1770071e-01  -3.9367513e-01  -2.9605478e-01
  -1.6881181e-01   5.9109131e-01   3.9727988e-01   2.8018088e-01   1.6660239e-01
  -6.9997914e-01  -2.8575726e-01  -4.4017183e-01  -6.3401655e-01   6.4764723e-01
  -4.9016322e-01  -2.3488339e-01  -1.0696733e-01  -6.1074024e-01   1.9234292e-01
   2.5936843e-01  -5.9938437e-01   7.0820999e-01  -7.1578891e-01  -4.8041735e-01
  -4.3662005e-01  -5.5634908e-01  -2.4625538e-01  -2.7336665e-01  -7.8338892e-01
   1.3015501e-01  -4.0012426e-01   2.2039307e-01  -1.4131702e-01  -4.0086845e-01
   6.1571928e-01  -4.8342147e-01  -6.7773655e-01  -4.0806069e-01  -5.1537794e-01
  -1.1625167e-02  -2.1581873e-01   4.8003851e-01  -7.3781259e-01   1.3746090e-01
  -5.3677927e-01   4.8728519e-03  -4.3568826e-01   2.6539552e-01   5.0540628e-01
  -5.7381958e-01   2.8923820e-01  -3.3821104e-01  -6.8692596e-01   7.0217354e-01
   4.8455873e-01  -3.9603345e-02  -2.6527593e-01   5.0744799e-02   6.5805245e-01
   6.1264867e-01   4.8719345e-01  -4.2708258e-01   5.7956185e-01   2.0693843e-01
   3.0592118e-01  -2.7378149e-01  -1.0935647e-01  -9.7642169e-02  -4.6124169e-01
  -9.4109469e-02  -6.8414364e-02   4.6046204e-01   5.5368723e-01  -2.5677030e-01
   7.6731658e-01  -2.0194409e-01  -6.4032583e-01  -5.1255768e-01  -1.9856047e-01
  -5.7794669e-01   1.5539684e-01   5.9263347e-01  -3.9380436e-01  -2.0787300e-01
  -2.6546218e-01  -5.0719191e-01   5.6944117e-01   5.5282605e-02   5.2226862e-01
