  -8.2211000e+01  -1.3184000e+01  -4.6910000e+00  -3.8180000e+00  -3.6110000e+00  -3.5380000e+00  -3.5040000e+00  -3.4830000e+00  -3.4670000e+00  -3.4560000e+00  -8.2225000e+01  -8.2225000e+01  -8.2225000e+01  -8.2217000e+01  -4.3097000e+01  -9.9720000e+00  -6.4590000e+00  -5.6720000e+00  -5.3820000e+00  -5.2360000e+00  -8.2225000e+01  -8.2225000e+01  -8.2225000e+01  -8.2225000e+01  -8.2225000e+01  -8.2225000e+01  -8.2225000e+01  -8.2222000e+01  -7.1803000e+01  -1.7470000e+01
  -1.0779000e+02  -9.5800000e+00  -4.8470000e+00  -4.1880000e+00  -4.0110000e+00  -3.9410000e+00  -3.8980000e+00  -3.8680000e+00  -3.8470000e+00  -3.8320000e+00  -1.0821500e+02  -1.0821500e+02  -1.0821500e+02  -1.0544000e+02  -1.7970000e+01  -8.1850000e+00  -6.5950000e+00  -6.0540000e+00  -5.7960000e+00  -5.6560000e+00  -1.0821500e+02  -1.0821500e+02  -1.0821500e+02  -1.0821500e+02  -1.0821500e+02  -1.0821500e+02  -1.0821400e+02  -9.7474000e+01  -1.9953000e+01  -9.3720000e+00
  -6.9033000e+01  -9.1020000e+00  -6.5930000e+00  -6.0350000e+00  -5.7980000e+00  -5.6590000e+00  -5.5870000e+00  -5.5590000e+00  -5.5490000e+00  -5.5460000e+00  -1.0789900e+02  -1.0789900e+02  -1.0768600e+02  -2.5992000e+01  -1.1700000e+01  -9.1040000e+00  -8.1350000e+00  -7.7660000e+00  -7.6510000e+00  -7.6190000e+00  -1.0789900e+02  -1.0789900e+02  -1.0789900e+02  -1.0789900e+02  -1.0789900e+02  -1.0783800e+02  -4.1051000e+01  -1.3614000e+01  -9.7340000e+00  -8.7440000e+00
  -8.8420000e+01  -1.0802000e+01  -5.7600000e+00  -4.9880000e+00  -4.7680000e+00  -4.6800000e+00  -4.6270000e+00  -4.5910000e+00  -4.5660000e+00  -4.5500000e+00  -8.8689000e+01  -8.8689000e+01  -8.8689000e+01  -8.7596000e+01  -2.0094000e+01  -9.3580000e+00  -7.5710000e+00  -6.9430000e+00  -6.6410000e+00  -6.4810000e+00  -8.8689000e+01  -8.8689000e+01  -8.8689000e+01  -8.8689000e+01  -8.8689000e+01  -8.8689000e+01  -8.8688000e+01  -8.5365000e+01  -2.2762000e+01  -1.0731000e+01
  -1.2102200e+02  -1.1896400e+02  -3.3421000e+01  -1.4348000e+01  -1.0571000e+01  -9.3460000e+00  -8.8180000e+00  -8.5560000e+00  -8.4140000e+00  -8.3300000e+00  -1.2102200e+02  -1.2102200e+02  -1.2102200e+02  -1.2102200e+02  -1.2102200e+02  -1.2102200e+02  -1.2096900e+02  -1.0969200e+02  -4.4139000e+01  -2.2193000e+01  -1.2102200e+02  -1.2102200e+02  -1.2102200e+02  -1.2102200e+02  -1.2102200e+02  -1.2102200e+02  -1.2102200e+02  -1.2102200e+02  -1.2102200e+02  -1.2102200e+02
  -1.1237500e+02  -1.1011000e+01  -6.1270000e+00  -5.2560000e+00  -4.9860000e+00  -4.8530000e+00  -4.7660000e+00  -4.7100000e+00  -4.6790000e+00  -4.6650000e+00  -1.1436800e+02  -1.1436800e+02  -1.1436800e+02  -1.0514500e+02  -1.9622000e+01  -1.0165000e+01  -8.0890000e+00  -7.2560000e+00  -6.8560000e+00  -6.6840000e+00  -1.1436800e+02  -1.1436800e+02  -1.1436800e+02  -1.1436800e+02  -1.1436800e+02  -1.1436800e+02  -1.1436400e+02  -8.9903000e+01  -1.9918000e+01  -1.0591000e+01
  -8.2294000e+01  -7.5640000e+00  -4.6360000e+00  -4.2220000e+00  -4.1100000e+00  -4.0660000e+00  -4.0390000e+00  -4.0200000e+00  -4.0070000e+00  -3.9980000e+00  -8.3082000e+01  -8.3082000e+01  -8.3082000e+01  -6.0500000e+01  -1.0488000e+01  -6.8880000e+00  -6.1890000e+00  -5.9240000e+00  -5.7870000e+00  -5.7070000e+00  -8.3082000e+01  -8.3082000e+01  -8.3082000e+01  -8.3082000e+01  -8.3082000e+01  -8.3082000e+01  -8.2957000e+01  -2.7529000e+01  -9.8180000e+00  -7.4300000e+00
  -1.0801600e+02  -1.4239000e+01  -6.5210000e+00  -5.3570000e+00  -5.0130000e+00  -4.8750000e+00  -4.7950000e+00  -4.7400000e+00  -4.7000000e+00  -4.6750000e+00  -1.0815500e+02  -1.0815500e+02  -1.0815500e+02  -1.0809000e+02  -4.0027000e+01  -1.2794000e+01  -8.8480000e+00  -7.6340000e+00  -7.0860000e+00  -6.7910000e+00  -1.0815500e+02  -1.0815500e+02  -1.0815500e+02  -1.0815500e+02  -1.0815500e+02  -1.0815500e+02  -1.0815500e+02  -1.0813700e+02  -7.3612000e+01  -1.8863000e+01
  -1.1756500e+02  -8.9284000e+01  -1.8697000e+01  -1.1062000e+01  -9.3750000e+00  -8.7560000e+00  -8.4880000e+00  -8.3540000e+00  -8.2770000e+00  -8.2220000e+00  -1.1756500e+02  -1.1756500e+02  -1.1756500e+02  -1.1756500e+02  -1.1756500e+02  -1.1745300e+02  -8.5880000e+01  -2.9115000e+01  -1.6722000e+01  -1.3191000e+01  -1.1756500e+02  -1.1756500e+02  -1.1756500e+02  -1.1756500e+02  -1.1756500e+02  -1.1756500e+02  -1.1756500e+02  -1.1756500e+02  -1.1756500e+02  -1.1756500e+02
  -8.5975000e+01  -9.5810000e+00  -5.5020000e+00  -4.8460000e+00  -4.6560000e+00  -4.5720000e+00  -4.5200000e+00  -4.4850000e+00  -4.4620000e+00  -4.4490000e+00  -8.6870000e+01  -8.6870000e+01  -8.6870000e+01  -7.8028000e+01  -1.5286000e+01  -8.6350000e+00  -7.2700000e+00  -6.7350000e+00  -6.4780000e+00  -6.3490000e+00  -8.6870000e+01  -8.6870000e+01  -8.6870000e+01  -8.6870000e+01  -8.6870000e+01  -8.6870000e+01  -8.6857000e+01  -5.7634000e+01  -1.5008000e+01  -9.2250000e+00
  -8.4655000e+01  -9.4720000e+00  -4.0200000e+00  -3.4560000e+00  -3.3210000e+00  -3.2740000e+00  -3.2480000e+00  -3.2320000e+00  -3.2190000e+00  -3.2100000e+00  -8.4706000e+01  -8.4706000e+01  -8.4706000e+01  -8.4487000e+01  -2.0239000e+01  -7.1250000e+00  -5.5570000e+00  -5.1450000e+00  -4.9690000e+00  -4.8700000e+00  -8.4706000e+01  -8.4706000e+01  -8.4706000e+01  -8.4706000e+01  -8.4706000e+01  -8.4706000e+01  -8.4706000e+01  -8.4041000e+01  -2.5009000e+01  -9.0740000e+00
  -8.9301000e+01  -1.0602000e+01  -5.2200000e+00  -4.4530000e+00  -4.2440000e+00  -4.1620000e+00  -4.1140000e+00  -4.0810000e+00  -4.0570000e+00  -4.0410000e+00  -8.9505000e+01  -8.9505000e+01  -8.9505000e+01  -8.8773000e+01  -2.1330000e+01  -9.0080000e+00  -7.0430000e+00  -6.3930000e+00  -6.0950000e+00  -5.9300000e+00  -8.9505000e+01  -8.9505000e+01  -8.9505000e+01  -8.9505000e+01  -8.9505000e+01  -8.9505000e+01  -8.9504000e+01  -8.7920000e+01  -2.5836000e+01  -1.0748000e+01
  -1.0588800e+02  -1.6275000e+01  -8.1220000e+00  -6.6760000e+00  -6.1990000e+00  -5.9830000e+00  -5.8470000e+00  -5.7540000e+00  -5.6940000e+00  -5.6600000e+00  -1.0615500e+02  -1.0615500e+02  -1.0615500e+02  -1.0607400e+02  -4.5380000e+01  -1.5858000e+01  -1.0930000e+01  -9.2500000e+00  -8.4450000e+00  -8.0200000e+00  -1.0615500e+02  -1.0615500e+02  -1.0615500e+02  -1.0615500e+02  -1.0615500e+02  -1.0615500e+02  -1.0615500e+02  -1.0614100e+02  -8.2734000e+01  -2.3054000e+01
  -1.0763500e+02  -2.4724000e+01  -6.7540000e+00  -4.8470000e+00  -4.3580000e+00  -4.1830000e+00  -4.1040000e+00  -4.0580000e+00  -4.0230000e+00  -3.9970000e+00  -1.0763800e+02  -1.0763800e+02  -1.0763800e+02  -1.0763800e+02  -1.0648300e+02  -2.9376000e+01  -1.0983000e+01  -7.7470000e+00  -6.7420000e+00  -6.2840000e+00  -1.0763800e+02  -1.0763800e+02  -1.0763800e+02  -1.0763800e+02  -1.0763800e+02  -1.0763800e+02  -1.0763800e+02  -1.0763800e+02  -1.0763700e+02  -1.0488700e+02
  -8.8068000e+01  -7.5420000e+00  -4.0780000e+00  -3.6560000e+00  -3.5500000e+00  -3.5100000e+00  -3.4870000e+00  -3.4700000e+00  -3.4580000e+00  -3.4500000e+00  -8.8312000e+01  -8.8312000e+01  -8.8312000e+01  -8.0260000e+01  -1.1762000e+01  -6.4210000e+00  -5.5810000e+00  -5.3090000e+00  -5.1790000e+00  -5.1020000e+00  -8.8312000e+01  -8.8312000e+01  -8.8312000e+01  -8.8312000e+01  -8.8312000e+01  -8.8312000e+01  -8.8305000e+01  -4.9294000e+01  -1.1384000e+01  -7.2110000e+00
  -9.2221000e+01  -8.8290000e+00  -5.1930000e+00  -4.6070000e+00  -4.4380000e+00  -4.3620000e+00  -4.3130000e+00  -4.2790000e+00  -4.2580000e+00  -4.2460000e+00  -9.3780000e+01  -9.3780000e+01  -9.3780000e+01  -7.2189000e+01  -1.3321000e+01  -8.0810000e+00  -6.9090000e+00  -6.4470000e+00  -6.2220000e+00  -6.1150000e+00  -9.3780000e+01  -9.3780000e+01  -9.3780000e+01  -9.3780000e+01  -9.3780000e+01  -9.3780000e+01  -9.3728000e+01  -4.1620000e+01  -1.2480000e+01  -8.4020000e+00
  -8.4018000e+01  -1.0475000e+01  -4.9310000e+00  -4.2460000e+00  -4.0670000e+00  -3.9990000e+00  -3.9650000e+00  -3.9420000e+00  -3.9250000e+00  -3.9120000e+00  -8.4105000e+01  -8.4105000e+01  -8.4105000e+01  -8.3861000e+01  -2.1719000e+01  -8.4390000e+00  -6.6100000e+00  -6.0800000e+00  -5.8420000e+00  -5.7100000e+00  -8.4105000e+01  -8.4105000e+01  -8.4105000e+01  -8.4105000e+01  -8.4105000e+01  -8.4105000e+01  -8.4105000e+01  -8.3498000e+01  -2.7024000e+01  -1.0412000e+01
  -9.3541000e+01  -9.3070000e+01  -2.7513000e+01  -1.0662000e+01  -7.8340000e+00  -7.0530000e+00  -6.7610000e+00  -6.6290000e+00  -6.5660000e+00  -6.5300000e+00  -9.3541000e+01  -9.3541000e+01  -9.3541000e+01  -9.3541000e+01  -9.3541000e+01  -9.3541000e+01  -9.3499000e+01  -7.7283000e+01  -2.7331000e+01  -1.4282000e+01  -9.3541000e+01  -9.3541000e+01  -9.3541000e+01  -9.3541000e+01  -9.3541000e+01  -9.3541000e+01  -9.3541000e+01  -9.3541000e+01  -9.3541000e+01  -9.3541000e+01
  -1.2227500e+02  -1.2061200e+02  -4.0359000e+01  -1.8023000e+01  -1.3366000e+01  -1.1777000e+01  -1.1082000e+01  -1.0746000e+01  -1.0559000e+01  -1.0448000e+01  -1.2227500e+02  -1.2227500e+02  -1.2227500e+02  -1.2227500e+02  -1.2227500e+02  -1.2227500e+02  -1.2224700e+02  -1.1794400e+02  -6.2281000e+01  -3.0081000e+01  -1.2227500e+02  -1.2227500e+02  -1.2227500e+02  -1.2227500e+02  -1.2227500e+02  -1.2227500e+02  -1.2227500e+02  -1.2227500e+02  -1.2227500e+02  -1.2227500e+02
  -1.3708300e+02  -1.3664800e+02  -6.4049000e+01  -2.5878000e+01  -1.7632000e+01  -1.4778000e+01  -1.3524000e+01  -1.2842000e+01  -1.2445000e+01  -1.2200000e+01  -1.3708300e+02  -1.3708300e+02  -1.3708300e+02  -1.3708300e+02  -1.3708300e+02  -1.3708300e+02  -1.3708200e+02  -1.3699300e+02  -1.3049500e+02  -7.4440000e+01  -1.3708300e+02  -1.3708300e+02  -1.3708300e+02  -1.3708300e+02  -1.3708300e+02  -1.3708300e+02  -1.3708300e+02  -1.3708300e+02  -1.3708300e+02  -1.3708300e+02
  -1.0541100e+02  -1.0481100e+02  -4.0565000e+01  -1.7194000e+01  -1.2521000e+01  -1.1041000e+01  -1.0430000e+01  -1.0138000e+01  -9.9760000e+00  -9.8800000e+00  -1.0541100e+02  -1.0541100e+02  -1.0541100e+02  -1.0541100e+02  -1.0541100e+02  -1.0541100e+02  -1.0539600e+02  -1.0321900e+02  -5.9927000e+01  -2.8594000e+01  -1.0541100e+02  -1.0541100e+02  -1.0541100e+02  -1.0541100e+02  -1.0541100e+02  -1.0541100e+02  -1.0541100e+02  -1.0541100e+02  -1.0541100e+02  -1.0541100e+02
  -7.6724000e+01  -7.8020000e+00  -4.3310000e+00  -3.8820000e+00  -3.7650000e+00  -3.7200000e+00  -3.6940000e+00  -3.6760000e+00  -3.6630000e+00  -3.6530000e+00  -7.7010000e+01  -7.7010000e+01  -7.7010000e+01  -6.9598000e+01  -1.1815000e+01  -6.7340000e+00  -5.8730000e+00  -5.5740000e+00  -5.4300000e+00  -5.3470000e+00  -7.7010000e+01  -7.7010000e+01  -7.7010000e+01  -7.7010000e+01  -7.7010000e+01  -7.7010000e+01  -7.6998000e+01  -4.3390000e+01  -1.1321000e+01  -7.4540000e+00
  -8.6905000e+01  -1.2086000e+01  -6.2070000e+00  -5.2500000e+00  -4.9650000e+00  -4.8450000e+00  -4.7720000e+00  -4.7210000e+00  -4.6870000e+00  -4.6680000e+00  -8.7245000e+01  -8.7245000e+01  -8.7245000e+01  -8.6615000e+01  -2.5185000e+01  -1.0825000e+01  -8.2660000e+00  -7.3680000e+00  -6.9320000e+00  -6.7060000e+00  -8.7245000e+01  -8.7245000e+01  -8.7245000e+01  -8.7245000e+01  -8.7245000e+01  -8.7245000e+01  -8.7245000e+01  -8.6448000e+01  -3.2222000e+01  -1.2888000e+01
  -7.7768000e+01  -1.1521000e+01  -4.3700000e+00  -3.6580000e+00  -3.4850000e+00  -3.4220000e+00  -3.3940000e+00  -3.3750000e+00  -3.3610000e+00  -3.3510000e+00  -7.7785000e+01  -7.7785000e+01  -7.7785000e+01  -7.7763000e+01  -3.0940000e+01  -8.5690000e+00  -6.0290000e+00  -5.4290000e+00  -5.2000000e+00  -5.0780000e+00  -7.7785000e+01  -7.7785000e+01  -7.7785000e+01  -7.7785000e+01  -7.7785000e+01  -7.7785000e+01  -7.7785000e+01  -7.7764000e+01  -4.8641000e+01  -1.2700000e+01
  -8.2506000e+01  -1.4563000e+01  -5.4870000e+00  -4.4240000e+00  -4.1490000e+00  -4.0470000e+00  -4.0000000e+00  -3.9690000e+00  -3.9470000e+00  -3.9300000e+00  -8.2529000e+01  -8.2529000e+01  -8.2529000e+01  -8.2521000e+01  -4.9791000e+01  -1.2017000e+01  -7.5570000e+00  -6.4950000e+00  -6.0870000e+00  -5.8740000e+00  -8.2529000e+01  -8.2529000e+01  -8.2529000e+01  -8.2529000e+01  -8.2529000e+01  -8.2529000e+01  -8.2529000e+01  -8.2527000e+01  -7.7836000e+01  -2.2414000e+01
  -9.2823000e+01  -1.0348000e+01  -6.5250000e+00  -5.7750000e+00  -5.5250000e+00  -5.3910000e+00  -5.3060000e+00  -5.2550000e+00  -5.2310000e+00  -5.2200000e+00  -9.7816000e+01  -9.7816000e+01  -9.7815000e+01  -6.5744000e+01  -1.5285000e+01  -9.8720000e+00  -8.3420000e+00  -7.6820000e+00  -7.3820000e+00  -7.2640000e+00  -9.7816000e+01  -9.7816000e+01  -9.7816000e+01  -9.7816000e+01  -9.7816000e+01  -9.7816000e+01  -9.7548000e+01  -3.7455000e+01  -1.3697000e+01  -9.6830000e+00
  -1.0956100e+02  -1.2869000e+01  -7.5260000e+00  -6.4650000e+00  -6.1000000e+00  -5.9060000e+00  -5.7810000e+00  -5.7030000e+00  -5.6630000e+00  -5.6450000e+00  -1.1184000e+02  -1.1184000e+02  -1.1184000e+02  -1.0553100e+02  -2.3290000e+01  -1.2289000e+01  -9.6710000e+00  -8.5820000e+00  -8.0530000e+00  -7.8270000e+00  -1.1184000e+02  -1.1184000e+02  -1.1184000e+02  -1.1184000e+02  -1.1184000e+02  -1.1184000e+02  -1.1183800e+02  -9.7966000e+01  -2.4068000e+01  -1.2606000e+01
  -7.5857000e+01  -1.1310000e+01  -4.3070000e+00  -3.6150000e+00  -3.4510000e+00  -3.3910000e+00  -3.3650000e+00  -3.3470000e+00  -3.3340000e+00  -3.3240000e+00  -7.5874000e+01  -7.5874000e+01  -7.5874000e+01  -7.5850000e+01  -2.9693000e+01  -8.3000000e+00  -5.9150000e+00  -5.3550000e+00  -5.1420000e+00  -5.0270000e+00  -7.5874000e+01  -7.5874000e+01  -7.5874000e+01  -7.5874000e+01  -7.5874000e+01  -7.5874000e+01  -7.5874000e+01  -7.5847000e+01  -4.5098000e+01  -1.2088000e+01
  -8.8451000e+01  -1.1877000e+01  -7.9480000e+00  -7.0480000e+00  -6.6840000e+00  -6.4670000e+00  -6.3380000e+00  -6.2760000e+00  -6.2520000e+00  -6.2430000e+00  -1.0109700e+02  -1.0109700e+02  -1.0109200e+02  -5.6999000e+01  -1.7021000e+01  -1.1574000e+01  -9.7230000e+00  -8.9080000e+00  -8.5650000e+00  -8.4390000e+00  -1.0109700e+02  -1.0109700e+02  -1.0109700e+02  -1.0109700e+02  -1.0109700e+02  -1.0109700e+02  -9.9866000e+01  -3.1632000e+01  -1.4283000e+01  -1.0763000e+01
  -9.1367000e+01  -8.9950000e+00  -4.3090000e+00  -3.7380000e+00  -3.5960000e+00  -3.5430000e+00  -3.5130000e+00  -3.4920000e+00  -3.4760000e+00  -3.4650000e+00  -9.1516000e+01  -9.1516000e+01  -9.1516000e+01  -9.0381000e+01  -1.6962000e+01  -7.2920000e+00  -5.9190000e+00  -5.4900000e+00  -5.3010000e+00  -5.1940000e+00  -9.1516000e+01  -9.1516000e+01  -9.1516000e+01  -9.1516000e+01  -9.1516000e+01  -9.1516000e+01  -9.1515000e+01  -8.6024000e+01  -1.8882000e+01  -8.6340000e+00
