  -6.9519000e+01  -1.1767000e+01  -4.6310000e+00  -3.9300000e+00  -3.7340000e+00  -3.6780000e+00  -3.6520000e+00  -3.6320000e+00  -3.6180000e+00  -3.6070000e+00  -7.8797000e+01  -7.8797000e+01  -7.8782000e+01  -6.7593000e+01  -2.0934000e+01  -8.7930000e+00  -6.2370000e+00  -5.6700000e+00  -5.4450000e+00  -5.3310000e+00  -7.8797000e+01  -7.8797000e+01  -7.8797000e+01  -7.8797000e+01  -7.8797000e+01  -7.8797000e+01  -7.8644000e+01  -6.2191000e+01  -2.3010000e+01  -1.0384000e+01
  -9.4354000e+01  -2.1195000e+01  -5.5980000e+00  -3.3880000e+00  -3.1150000e+00  -3.0330000e+00  -2.9930000e+00  -2.9750000e+00  -2.9650000e+00  -2.9560000e+00  -9.5862000e+01  -9.5862000e+01  -9.5862000e+01  -9.5756000e+01  -7.3005000e+01  -2.2226000e+01  -9.1330000e+00  -5.5880000e+00  -4.8920000e+00  -4.6840000e+00  -9.5862000e+01  -9.5862000e+01  -9.5862000e+01  -9.5862000e+01  -9.5862000e+01  -9.5862000e+01  -9.5862000e+01  -9.5853000e+01  -9.4692000e+01  -5.9145000e+01
  -1.2080900e+02  -7.8942000e+01  -2.8445000e+01  -1.4938000e+01  -1.0456000e+01  -8.9650000e+00  -8.4110000e+00  -8.1740000e+00  -8.0430000e+00  -7.9800000e+00  -1.2102200e+02  -1.2102200e+02  -1.2102200e+02  -1.2102200e+02  -1.2101300e+02  -1.2060600e+02  -1.0962800e+02  -6.4334000e+01  -3.4085000e+01  -2.1294000e+01  -1.2102200e+02  -1.2102200e+02  -1.2102200e+02  -1.2102200e+02  -1.2102200e+02  -1.2102200e+02  -1.2102200e+02  -1.2102200e+02  -1.2102200e+02  -1.2102200e+02
  -6.4972000e+01  -1.1007000e+01  -5.7390000e+00  -5.0250000e+00  -4.8090000e+00  -4.7120000e+00  -4.6500000e+00  -4.6130000e+00  -4.5950000e+00  -4.5880000e+00  -9.1937000e+01  -9.1937000e+01  -9.1715000e+01  -5.0829000e+01  -1.6342000e+01  -8.9530000e+00  -7.3470000e+00  -6.8000000e+00  -6.5650000e+00  -6.4790000e+00  -9.1937000e+01  -9.1937000e+01  -9.1937000e+01  -9.1937000e+01  -9.1937000e+01  -9.1920000e+01  -8.6880000e+01  -3.5493000e+01  -1.4088000e+01  -8.7580000e+00
  -7.2244000e+01  -1.1466000e+01  -4.5790000e+00  -3.9330000e+00  -3.7770000e+00  -3.7230000e+00  -3.7010000e+00  -3.6700000e+00  -3.6570000e+00  -3.6470000e+00  -8.4105000e+01  -8.4105000e+01  -8.4084000e+01  -6.7968000e+01  -1.9683000e+01  -8.3380000e+00  -6.0980000e+00  -5.6520000e+00  -5.4520000e+00  -5.3490000e+00  -8.4105000e+01  -8.4105000e+01  -8.4105000e+01  -8.4105000e+01  -8.4105000e+01  -8.4104000e+01  -8.3847000e+01  -6.0237000e+01  -2.0958000e+01  -9.6900000e+00
  -1.1389300e+02  -5.9245000e+01  -2.0532000e+01  -1.1279000e+01  -8.6600000e+00  -7.9480000e+00  -7.6970000e+00  -7.5730000e+00  -7.5090000e+00  -7.4680000e+00  -1.1422800e+02  -1.1422800e+02  -1.1422800e+02  -1.1422700e+02  -1.1417100e+02  -1.0994300e+02  -6.5705000e+01  -3.1512000e+01  -1.8671000e+01  -1.3217000e+01  -1.1422800e+02  -1.1422800e+02  -1.1422800e+02  -1.1422800e+02  -1.1422800e+02  -1.1422800e+02  -1.1422800e+02  -1.1422800e+02  -1.1422800e+02  -1.1422600e+02
  -7.0503000e+01  -1.0448000e+01  -5.3580000e+00  -4.6420000e+00  -4.4350000e+00  -4.3300000e+00  -4.2660000e+00  -4.2320000e+00  -4.2180000e+00  -4.2130000e+00  -1.1502000e+02  -1.1502000e+02  -1.1457100e+02  -5.1797000e+01  -1.5817000e+01  -8.5230000e+00  -6.8970000e+00  -6.3620000e+00  -6.1530000e+00  -6.0870000e+00  -1.1502000e+02  -1.1502000e+02  -1.1502000e+02  -1.1502000e+02  -1.1502000e+02  -1.1497800e+02  -1.0299000e+02  -3.3603000e+01  -1.2880000e+01  -8.1270000e+00
  -7.4750000e+01  -1.3676000e+01  -7.1750000e+00  -6.0590000e+00  -5.6920000e+00  -5.4840000e+00  -5.3680000e+00  -5.3090000e+00  -5.2900000e+00  -5.2820000e+00  -1.1184000e+02  -1.1184000e+02  -1.1161700e+02  -6.7245000e+01  -2.2328000e+01  -1.1813000e+01  -8.9630000e+00  -7.9370000e+00  -7.5020000e+00  -7.3530000e+00  -1.1184000e+02  -1.1184000e+02  -1.1184000e+02  -1.1184000e+02  -1.1184000e+02  -1.1183000e+02  -1.0931200e+02  -5.3397000e+01  -2.0103000e+01  -1.1122000e+01
  -7.8773000e+01  -1.1600000e+01  -4.3250000e+00  -3.6840000e+00  -3.5040000e+00  -3.4700000e+00  -3.4310000e+00  -3.4150000e+00  -3.4020000e+00  -3.3930000e+00  -9.2452000e+01  -9.2452000e+01  -9.2438000e+01  -7.6996000e+01  -2.1015000e+01  -8.3590000e+00  -5.8740000e+00  -5.3700000e+00  -5.1680000e+00  -5.0660000e+00  -9.2452000e+01  -9.2452000e+01  -9.2452000e+01  -9.2452000e+01  -9.2452000e+01  -9.2451000e+01  -9.2297000e+01  -6.9688000e+01  -2.3316000e+01  -1.0116000e+01
  -7.0509000e+01  -1.1871000e+01  -3.9620000e+00  -3.3050000e+00  -3.1710000e+00  -3.1280000e+00  -3.1090000e+00  -3.1040000e+00  -3.0890000e+00  -3.0760000e+00  -7.5874000e+01  -7.5874000e+01  -7.5868000e+01  -6.9969000e+01  -2.2935000e+01  -8.4080000e+00  -5.4190000e+00  -4.8920000e+00  -4.7460000e+00  -4.6790000e+00  -7.5874000e+01  -7.5874000e+01  -7.5874000e+01  -7.5874000e+01  -7.5874000e+01  -7.5874000e+01  -7.5835000e+01  -6.7543000e+01  -2.7526000e+01  -1.1219000e+01
  -1.3691400e+02  -1.0666000e+02  -4.6067000e+01  -2.5485000e+01  -1.7825000e+01  -1.4543000e+01  -1.3075000e+01  -1.2380000e+01  -1.1981000e+01  -1.1751000e+01  -1.3708300e+02  -1.3708300e+02  -1.3708300e+02  -1.3708300e+02  -1.3708100e+02  -1.3703500e+02  -1.3617200e+02  -1.2422900e+02  -8.4173000e+01  -5.1309000e+01  -1.3708300e+02  -1.3708300e+02  -1.3708300e+02  -1.3708300e+02  -1.3708300e+02  -1.3708300e+02  -1.3708300e+02  -1.3708300e+02  -1.3708300e+02  -1.3708300e+02
  -9.5423000e+01  -6.2556000e+01  -2.0687000e+01  -1.0410000e+01  -7.4550000e+00  -6.7720000e+00  -6.5790000e+00  -6.4910000e+00  -6.4480000e+00  -6.4250000e+00  -9.5545000e+01  -9.5545000e+01  -9.5545000e+01  -9.5545000e+01  -9.5531000e+01  -9.4703000e+01  -7.2133000e+01  -3.4611000e+01  -1.8644000e+01  -1.2259000e+01  -9.5545000e+01  -9.5545000e+01  -9.5545000e+01  -9.5545000e+01  -9.5545000e+01  -9.5545000e+01  -9.5545000e+01  -9.5545000e+01  -9.5545000e+01  -9.5545000e+01
  -1.0558000e+02  -2.0268000e+01  -7.8230000e+00  -5.6370000e+00  -5.0590000e+00  -4.8080000e+00  -4.6690000e+00  -4.5800000e+00  -4.5240000e+00  -4.4950000e+00  -1.2111600e+02  -1.2111600e+02  -1.2110900e+02  -1.1815400e+02  -5.7280000e+01  -2.1775000e+01  -1.1684000e+01  -8.4900000e+00  -7.3150000e+00  -6.7890000e+00  -1.2111600e+02  -1.2111600e+02  -1.2111600e+02  -1.2111600e+02  -1.2111600e+02  -1.2111600e+02  -1.2111200e+02  -1.2068300e+02  -9.7314000e+01  -3.8645000e+01
  -7.6805000e+01  -1.4723000e+01  -5.2420000e+00  -4.0770000e+00  -3.8330000e+00  -3.7480000e+00  -3.7050000e+00  -3.6800000e+00  -3.6620000e+00  -3.6480000e+00  -8.2529000e+01  -8.2529000e+01  -8.2523000e+01  -7.9233000e+01  -3.3093000e+01  -1.2263000e+01  -7.1310000e+00  -6.0060000e+00  -5.6360000e+00  -5.4610000e+00  -8.2529000e+01  -8.2529000e+01  -8.2529000e+01  -8.2529000e+01  -8.2529000e+01  -8.2529000e+01  -8.2515000e+01  -8.0646000e+01  -4.6720000e+01  -1.8243000e+01
  -1.0528400e+02  -7.9395000e+01  -3.2545000e+01  -1.7667000e+01  -1.2525000e+01  -1.0700000e+01  -1.0037000e+01  -9.7700000e+00  -9.6330000e+00  -9.5430000e+00  -1.0541100e+02  -1.0541100e+02  -1.0541100e+02  -1.0541100e+02  -1.0540700e+02  -1.0526400e+02  -1.0161800e+02  -7.3672000e+01  -4.1651000e+01  -2.5904000e+01  -1.0541100e+02  -1.0541100e+02  -1.0541100e+02  -1.0541100e+02  -1.0541100e+02  -1.0541100e+02  -1.0541100e+02  -1.0541100e+02  -1.0541100e+02  -1.0541100e+02
  -6.7232000e+01  -1.1636000e+01  -5.9690000e+00  -5.1320000e+00  -4.8690000e+00  -4.7420000e+00  -4.6650000e+00  -4.6220000e+00  -4.6040000e+00  -4.5970000e+00  -9.7394000e+01  -9.7394000e+01  -9.7043000e+01  -5.5041000e+01  -1.7938000e+01  -9.5960000e+00  -7.6040000e+00  -6.9180000e+00  -6.6360000e+00  -6.5400000e+00  -9.7394000e+01  -9.7394000e+01  -9.7394000e+01  -9.7394000e+01  -9.7394000e+01  -9.7370000e+01  -9.2923000e+01  -4.0150000e+01  -1.5440000e+01  -9.1660000e+00
  -8.0405000e+01  -1.4749000e+01  -5.6240000e+00  -4.4520000e+00  -4.1660000e+00  -4.0500000e+00  -3.9900000e+00  -3.9520000e+00  -3.9270000e+00  -3.9130000e+00  -9.1536000e+01  -9.1536000e+01  -9.1526000e+01  -8.5208000e+01  -3.1462000e+01  -1.2551000e+01  -7.6920000e+00  -6.4750000e+00  -6.0280000e+00  -5.8150000e+00  -9.1536000e+01  -9.1536000e+01  -9.1536000e+01  -9.1536000e+01  -9.1536000e+01  -9.1535000e+01  -9.1504000e+01  -8.7449000e+01  -4.2870000e+01  -1.7102000e+01
  -7.1018000e+01  -1.2815000e+01  -6.8200000e+00  -5.7800000e+00  -5.4080000e+00  -5.2090000e+00  -5.0970000e+00  -5.0480000e+00  -5.0310000e+00  -5.0260000e+00  -1.1429400e+02  -1.1429300e+02  -1.1380700e+02  -6.0238000e+01  -2.0293000e+01  -1.0973000e+01  -8.4430000e+00  -7.5350000e+00  -7.1950000e+00  -7.0850000e+00  -1.1429400e+02  -1.1429400e+02  -1.1429400e+02  -1.1429400e+02  -1.1429400e+02  -1.1426800e+02  -1.0789100e+02  -4.2895000e+01  -1.6505000e+01  -9.9530000e+00
  -6.4298000e+01  -1.0310000e+01  -5.1320000e+00  -4.5010000e+00  -4.3300000e+00  -4.2520000e+00  -4.2020000e+00  -4.1700000e+00  -4.1560000e+00  -4.1490000e+00  -8.6870000e+01  -8.6870000e+01  -8.6672000e+01  -4.9930000e+01  -1.5333000e+01  -8.1360000e+00  -6.7170000e+00  -6.2520000e+00  -6.0430000e+00  -5.9660000e+00  -8.6870000e+01  -8.6870000e+01  -8.6870000e+01  -8.6870000e+01  -8.6870000e+01  -8.6853000e+01  -8.2026000e+01  -3.4505000e+01  -1.3558000e+01  -8.1850000e+00
  -6.0231000e+01  -8.3460000e+00  -4.2970000e+00  -3.9330000e+00  -3.8360000e+00  -3.8020000e+00  -3.7800000e+00  -3.7640000e+00  -3.7530000e+00  -3.7460000e+00  -8.3082000e+01  -8.3082000e+01  -8.2818000e+01  -3.7625000e+01  -1.1043000e+01  -6.4350000e+00  -5.7740000e+00  -5.5550000e+00  -5.4490000e+00  -5.3960000e+00  -8.3082000e+01  -8.3082000e+01  -8.3082000e+01  -8.3082000e+01  -8.3082000e+01  -8.3039000e+01  -6.8234000e+01  -2.1452000e+01  -9.2020000e+00  -6.7220000e+00
  -7.1540000e+01  -1.4445000e+01  -5.0010000e+00  -3.9810000e+00  -3.7730000e+00  -3.7020000e+00  -3.6660000e+00  -3.6480000e+00  -3.6330000e+00  -3.6220000e+00  -7.5731000e+01  -7.5731000e+01  -7.5729000e+01  -7.3556000e+01  -3.0983000e+01  -1.1472000e+01  -6.7400000e+00  -5.8140000e+00  -5.5190000e+00  -5.3760000e+00  -7.5731000e+01  -7.5731000e+01  -7.5731000e+01  -7.5731000e+01  -7.5731000e+01  -7.5731000e+01  -7.5722000e+01  -7.4250000e+01  -4.2546000e+01  -1.6840000e+01
  -7.7582000e+01  -4.2280000e+01  -1.5226000e+01  -8.8350000e+00  -7.4110000e+00  -7.0860000e+00  -6.9660000e+00  -6.9100000e+00  -6.8820000e+00  -6.8660000e+00  -7.7799000e+01  -7.7799000e+01  -7.7799000e+01  -7.7797000e+01  -7.7622000e+01  -6.6847000e+01  -3.3926000e+01  -1.7850000e+01  -1.1845000e+01  -9.6820000e+00  -7.7799000e+01  -7.7799000e+01  -7.7799000e+01  -7.7799000e+01  -7.7799000e+01  -7.7799000e+01  -7.7799000e+01  -7.7799000e+01  -7.7798000e+01  -7.7768000e+01
  -5.4623000e+01  -1.0886000e+01  -6.9280000e+00  -6.1770000e+00  -5.8710000e+00  -5.7050000e+00  -5.6240000e+00  -5.5960000e+00  -5.5880000e+00  -5.5860000e+00  -1.0655600e+02  -1.0655500e+02  -1.0255400e+02  -3.5143000e+01  -1.4330000e+01  -9.7040000e+00  -8.3460000e+00  -7.8450000e+00  -7.6890000e+00  -7.6500000e+00  -1.0655600e+02  -1.0655600e+02  -1.0655600e+02  -1.0655600e+02  -1.0655500e+02  -1.0571300e+02  -5.6353000e+01  -1.9209000e+01  -1.0790000e+01  -9.0050000e+00
  -5.8310000e+01  -1.0376000e+01  -5.6900000e+00  -5.0360000e+00  -4.8350000e+00  -4.7390000e+00  -4.6790000e+00  -4.6460000e+00  -4.6320000e+00  -4.6270000e+00  -8.0650000e+01  -8.0650000e+01  -8.0242000e+01  -4.3058000e+01  -1.4727000e+01  -8.6600000e+00  -7.3100000e+00  -6.8040000e+00  -6.5830000e+00  -6.5080000e+00  -8.0650000e+01  -8.0650000e+01  -8.0650000e+01  -8.0650000e+01  -8.0650000e+01  -8.0593000e+01  -7.2011000e+01  -2.8348000e+01  -1.2393000e+01  -8.4810000e+00
  -7.1307000e+01  -1.1861000e+01  -5.4050000e+00  -4.6490000e+00  -4.4540000e+00  -4.3730000e+00  -4.3220000e+00  -4.2860000e+00  -4.2680000e+00  -4.2580000e+00  -8.8689000e+01  -8.8689000e+01  -8.8637000e+01  -6.3917000e+01  -1.9223000e+01  -9.1290000e+00  -7.0540000e+00  -6.4680000e+00  -6.2100000e+00  -6.0880000e+00  -8.8689000e+01  -8.8689000e+01  -8.8689000e+01  -8.8689000e+01  -8.8689000e+01  -8.8687000e+01  -8.8013000e+01  -5.2870000e+01  -1.9202000e+01  -9.7600000e+00
  -6.4338000e+01  -8.1090000e+00  -3.7640000e+00  -3.4310000e+00  -3.3480000e+00  -3.3170000e+00  -3.3000000e+00  -3.2860000e+00  -3.2750000e+00  -3.2680000e+00  -8.5556000e+01  -8.5556000e+01  -8.5392000e+01  -4.2161000e+01  -1.1105000e+01  -5.8750000e+00  -5.1980000e+00  -5.0000000e+00  -4.9030000e+00  -4.8470000e+00  -8.5556000e+01  -8.5556000e+01  -8.5556000e+01  -8.5556000e+01  -8.5556000e+01  -8.5535000e+01  -7.6051000e+01  -2.4473000e+01  -9.4500000e+00  -6.2390000e+00
  -6.6256000e+01  -9.8920000e+00  -5.3050000e+00  -4.6550000e+00  -4.4190000e+00  -4.3270000e+00  -4.2570000e+00  -4.2350000e+00  -4.2240000e+00  -4.2180000e+00  -1.1814200e+02  -1.1814200e+02  -1.1687300e+02  -4.5436000e+01  -1.4532000e+01  -8.2600000e+00  -6.7970000e+00  -6.3120000e+00  -6.1470000e+00  -6.1100000e+00  -1.1814200e+02  -1.1814200e+02  -1.1814200e+02  -1.1814200e+02  -1.1814200e+02  -1.1799400e+02  -9.0546000e+01  -2.7049000e+01  -1.1159000e+01  -7.7410000e+00
  -8.6579000e+01  -1.7121000e+01  -7.8640000e+00  -6.2800000e+00  -5.8020000e+00  -5.5820000e+00  -5.4470000e+00  -5.3630000e+00  -5.3180000e+00  -5.2980000e+00  -1.0615500e+02  -1.0615500e+02  -1.0612800e+02  -9.4416000e+01  -3.5416000e+01  -1.5990000e+01  -1.0353000e+01  -8.5830000e+00  -7.8360000e+00  -7.4950000e+00  -1.0615500e+02  -1.0615500e+02  -1.0615500e+02  -1.0615500e+02  -1.0615500e+02  -1.0615500e+02  -1.0610100e+02  -9.9080000e+01  -4.6045000e+01  -1.9599000e+01
  -6.3418000e+01  -9.3700000e+00  -4.8120000e+00  -4.2610000e+00  -4.1040000e+00  -4.0330000e+00  -3.9890000e+00  -3.9630000e+00  -3.9500000e+00  -3.9440000e+00  -9.3780000e+01  -9.3780000e+01  -9.3406000e+01  -4.3891000e+01  -1.3454000e+01  -7.5220000e+00  -6.3500000e+00  -5.9590000e+00  -5.7890000e+00  -5.7280000e+00  -9.3780000e+01  -9.3780000e+01  -9.3780000e+01  -9.3780000e+01  -9.3780000e+01  -9.3738000e+01  -8.1313000e+01  -2.7389000e+01  -1.1075000e+01  -7.4340000e+00
  -6.7832000e+01  -8.4830000e+00  -3.7240000e+00  -3.3660000e+00  -3.2790000e+00  -3.2460000e+00  -3.2300000e+00  -3.2150000e+00  -3.2040000e+00  -3.1970000e+00  -8.8312000e+01  -8.8312000e+01  -8.8208000e+01  -4.7638000e+01  -1.2112000e+01  -5.9830000e+00  -5.1590000e+00  -4.9390000e+00  -4.8340000e+00  -4.7740000e+00  -8.8312000e+01  -8.8312000e+01  -8.8312000e+01  -8.8312000e+01  -8.8312000e+01  -8.8302000e+01  -8.2727000e+01  -2.9378000e+01  -1.0639000e+01  -6.3650000e+00
  -1.1274200e+02  -7.6343000e+01  -3.0816000e+01  -1.7727000e+01  -1.3196000e+01  -1.1588000e+01  -1.0976000e+01  -1.0682000e+01  -1.0537000e+01  -1.0447000e+01  -1.1294500e+02  -1.1294500e+02  -1.1294500e+02  -1.1294500e+02  -1.1293400e+02  -1.1255400e+02  -1.0295700e+02  -6.4088000e+01  -3.6565000e+01  -2.4319000e+01  -1.1294500e+02  -1.1294500e+02  -1.1294500e+02  -1.1294500e+02  -1.1294500e+02  -1.1294500e+02  -1.1294500e+02  -1.1294500e+02  -1.1294500e+02  -1.1294500e+02
  -5.0963000e+01  -6.6780000e+00  -3.7560000e+00  -3.5000000e+00  -3.4280000e+00  -3.4020000e+00  -3.3840000e+00  -3.3690000e+00  -3.3600000e+00  -3.3550000e+00  -7.4918000e+01  -7.4918000e+01  -7.4044000e+01  -2.5855000e+01  -8.2150000e+00  -5.6360000e+00  -5.2220000e+00  -5.0680000e+00  -4.9880000e+00  -4.9540000e+00  -7.4918000e+01  -7.4918000e+01  -7.4918000e+01  -7.4918000e+01  -7.4918000e+01  -7.4560000e+01  -4.2457000e+01  -1.3265000e+01  -6.9210000e+00  -5.9770000e+00
  -1.2111700e+02  -8.1937000e+01  -3.1732000e+01  -1.7275000e+01  -1.2143000e+01  -1.0262000e+01  -9.5090000e+00  -9.1500000e+00  -8.9370000e+00  -8.8200000e+00  -1.2142200e+02  -1.2142200e+02  -1.2142200e+02  -1.2142200e+02  -1.2141000e+02  -1.2106500e+02  -1.1317500e+02  -7.6013000e+01  -4.2412000e+01  -2.6600000e+01  -1.2142200e+02  -1.2142200e+02  -1.2142200e+02  -1.2142200e+02  -1.2142200e+02  -1.2142200e+02  -1.2142200e+02  -1.2142200e+02  -1.2142200e+02  -1.2142200e+02
  -1.2203700e+02  -8.4026000e+01  -3.3213000e+01  -1.8442000e+01  -1.3271000e+01  -1.1382000e+01  -1.0664000e+01  -1.0330000e+01  -1.0164000e+01  -1.0070000e+01  -1.2227500e+02  -1.2227500e+02  -1.2227500e+02  -1.2227500e+02  -1.2226600e+02  -1.2197200e+02  -1.1487200e+02  -7.7556000e+01  -4.3287000e+01  -2.7353000e+01  -1.2227500e+02  -1.2227500e+02  -1.2227500e+02  -1.2227500e+02  -1.2227500e+02  -1.2227500e+02  -1.2227500e+02  -1.2227500e+02  -1.2227500e+02  -1.2227500e+02
  -7.5770000e+01  -1.3131000e+01  -5.5650000e+00  -4.6120000e+00  -4.3620000e+00  -4.2530000e+00  -4.1920000e+00  -4.1530000e+00  -4.1310000e+00  -4.1190000e+00  -9.0838000e+01  -9.0838000e+01  -9.0806000e+01  -7.4934000e+01  -2.3965000e+01  -1.0611000e+01  -7.4010000e+00  -6.5260000e+00  -6.1680000e+00  -6.0000000e+00  -9.0838000e+01  -9.0838000e+01  -9.0838000e+01  -9.0838000e+01  -9.0838000e+01  -9.0837000e+01  -9.0631000e+01  -7.1989000e+01  -2.6917000e+01  -1.2142000e+01
  -6.1221000e+01  -8.5880000e+00  -3.9730000e+00  -3.5950000e+00  -3.4860000e+00  -3.4520000e+00  -3.4320000e+00  -3.4150000e+00  -3.4030000e+00  -3.3960000e+00  -7.7010000e+01  -7.7010000e+01  -7.6901000e+01  -4.3789000e+01  -1.2117000e+01  -6.2750000e+00  -5.4360000e+00  -5.1950000e+00  -5.0710000e+00  -5.0100000e+00  -7.7010000e+01  -7.7010000e+01  -7.7010000e+01  -7.7010000e+01  -7.7010000e+01  -7.6997000e+01  -7.2203000e+01  -2.7466000e+01  -1.0640000e+01  -6.6730000e+00
  -7.7409000e+01  -1.1024000e+01  -4.1090000e+00  -3.5040000e+00  -3.3530000e+00  -3.3060000e+00  -3.2810000e+00  -3.2580000e+00  -3.2440000e+00  -3.2350000e+00  -9.1048000e+01  -9.1048000e+01  -9.1028000e+01  -7.3390000e+01  -1.9546000e+01  -7.8600000e+00  -5.6120000e+00  -5.1730000e+00  -4.9860000e+00  -4.8850000e+00  -9.1048000e+01  -9.1048000e+01  -9.1048000e+01  -9.1048000e+01  -9.1048000e+01  -9.1048000e+01  -9.0832000e+01  -6.4303000e+01  -2.1174000e+01  -9.3370000e+00
  -5.8129000e+01  -1.2196000e+01  -7.5290000e+00  -6.6140000e+00  -6.2360000e+00  -6.0240000e+00  -5.9180000e+00  -5.8770000e+00  -5.8650000e+00  -5.8620000e+00  -1.0109700e+02  -1.0109600e+02  -9.8763000e+01  -4.2096000e+01  -1.6855000e+01  -1.0805000e+01  -8.9930000e+00  -8.2970000e+00  -8.0510000e+00  -7.9810000e+00  -1.0109700e+02  -1.0109700e+02  -1.0109700e+02  -1.0109700e+02  -1.0109600e+02  -1.0079100e+02  -7.2316000e+01  -2.5052000e+01  -1.2614000e+01  -9.7730000e+00
  -1.1663600e+02  -5.1622000e+01  -1.8874000e+01  -1.1083000e+01  -8.9750000e+00  -8.3510000e+00  -8.1170000e+00  -8.0020000e+00  -7.9330000e+00  -7.8820000e+00  -1.1756500e+02  -1.1756500e+02  -1.1756500e+02  -1.1756200e+02  -1.1722600e+02  -1.0224000e+02  -5.0689000e+01  -2.5842000e+01  -1.6565000e+01  -1.2645000e+01  -1.1756500e+02  -1.1756500e+02  -1.1756500e+02  -1.1756500e+02  -1.1756500e+02  -1.1756500e+02  -1.1756500e+02  -1.1756500e+02  -1.1756500e+02  -1.1754400e+02
  -6.5001000e+01  -1.1274000e+01  -6.3920000e+00  -5.5140000e+00  -5.1880000e+00  -5.0070000e+00  -4.9170000e+00  -4.8840000e+00  -4.8750000e+00  -4.8720000e+00  -1.2439100e+02  -1.2439000e+02  -1.2232100e+02  -4.7455000e+01  -1.6648000e+01  -9.7140000e+00  -7.8410000e+00  -7.1780000e+00  -6.9560000e+00  -6.8960000e+00  -1.2439100e+02  -1.2439100e+02  -1.2439100e+02  -1.2439100e+02  -1.2439000e+02  -1.2418600e+02  -9.2145000e+01  -2.7811000e+01  -1.2123000e+01  -8.7420000e+00
  -7.1510000e+01  -1.2932000e+01  -5.8330000e+00  -4.8790000e+00  -4.6160000e+00  -4.4910000e+00  -4.4230000e+00  -4.3790000e+00  -4.3550000e+00  -4.3440000e+00  -8.7245000e+01  -8.7245000e+01  -8.7187000e+01  -6.8407000e+01  -2.2542000e+01  -1.0604000e+01  -7.6730000e+00  -6.7960000e+00  -6.4250000e+00  -6.2620000e+00  -8.7245000e+01  -8.7245000e+01  -8.7245000e+01  -8.7245000e+01  -8.7245000e+01  -8.7242000e+01  -8.6812000e+01  -6.3151000e+01  -2.3898000e+01  -1.1443000e+01
  -7.9970000e+01  -1.5267000e+01  -4.9360000e+00  -3.7820000e+00  -3.5630000e+00  -3.4830000e+00  -3.4460000e+00  -3.4290000e+00  -3.4140000e+00  -3.4020000e+00  -8.5090000e+01  -8.5090000e+01  -8.5088000e+01  -8.3161000e+01  -3.6417000e+01  -1.2631000e+01  -6.8530000e+00  -5.6560000e+00  -5.3140000e+00  -5.1580000e+00  -8.5090000e+01  -8.5090000e+01  -8.5090000e+01  -8.5090000e+01  -8.5090000e+01  -8.5090000e+01  -8.5084000e+01  -8.4215000e+01  -5.4158000e+01  -2.0352000e+01
  -9.6273000e+01  -6.6392000e+01  -2.2167000e+01  -1.0886000e+01  -7.5120000e+00  -6.6840000e+00  -6.4590000e+00  -6.3570000e+00  -6.3100000e+00  -6.2840000e+00  -9.6397000e+01  -9.6397000e+01  -9.6397000e+01  -9.6397000e+01  -9.6387000e+01  -9.5764000e+01  -7.9810000e+01  -4.0853000e+01  -2.1169000e+01  -1.3434000e+01  -9.6397000e+01  -9.6397000e+01  -9.6397000e+01  -9.6397000e+01  -9.6397000e+01  -9.6397000e+01  -9.6397000e+01  -9.6397000e+01  -9.6397000e+01  -9.6397000e+01
  -5.3127000e+01  -7.7310000e+00  -4.3290000e+00  -3.9950000e+00  -3.9070000e+00  -3.8710000e+00  -3.8480000e+00  -3.8320000e+00  -3.8220000e+00  -3.8160000e+00  -7.5179000e+01  -7.5179000e+01  -7.4690000e+01  -3.0423000e+01  -9.7300000e+00  -6.3650000e+00  -5.8190000e+00  -5.6190000e+00  -5.5200000e+00  -5.4790000e+00  -7.5179000e+01  -7.5179000e+01  -7.5179000e+01  -7.5179000e+01  -7.5179000e+01  -7.5045000e+01  -5.1754000e+01  -1.6554000e+01  -8.0840000e+00  -6.6370000e+00
  -1.0299500e+02  -2.1710000e+01  -6.8250000e+00  -4.4680000e+00  -3.9830000e+00  -3.8450000e+00  -3.7770000e+00  -3.7370000e+00  -3.7080000e+00  -3.6860000e+00  -1.0763800e+02  -1.0763800e+02  -1.0763800e+02  -1.0735000e+02  -7.2883000e+01  -2.4276000e+01  -1.1160000e+01  -7.2450000e+00  -6.1700000e+00  -5.7630000e+00  -1.0763800e+02  -1.0763800e+02  -1.0763800e+02  -1.0763800e+02  -1.0763800e+02  -1.0763800e+02  -1.0763800e+02  -1.0761400e+02  -1.0510100e+02  -6.0994000e+01
  -7.6952000e+01  -1.1127000e+01  -3.9890000e+00  -3.3840000e+00  -3.2540000e+00  -3.2130000e+00  -3.1910000e+00  -3.1710000e+00  -3.1590000e+00  -3.1510000e+00  -8.8045000e+01  -8.8045000e+01  -8.8030000e+01  -7.4168000e+01  -2.0119000e+01  -7.8130000e+00  -5.4520000e+00  -5.0390000e+00  -4.8630000e+00  -4.7710000e+00  -8.8045000e+01  -8.8045000e+01  -8.8045000e+01  -8.8045000e+01  -8.8045000e+01  -8.8045000e+01  -8.7903000e+01  -6.6705000e+01  -2.2360000e+01  -9.5950000e+00
  -8.8606000e+01  -1.4973000e+01  -6.2490000e+00  -4.9820000e+00  -4.6550000e+00  -4.5210000e+00  -4.4430000e+00  -4.3920000e+00  -4.3620000e+00  -4.3470000e+00  -1.0815500e+02  -1.0815500e+02  -1.0813500e+02  -9.4622000e+01  -3.0885000e+01  -1.2928000e+01  -8.3040000e+00  -7.0410000e+00  -6.5460000e+00  -6.3150000e+00  -1.0815500e+02  -1.0815500e+02  -1.0815500e+02  -1.0815500e+02  -1.0815500e+02  -1.0815500e+02  -1.0809600e+02  -9.7827000e+01  -3.9884000e+01  -1.6297000e+01
  -7.8657000e+01  -1.0457000e+01  -4.4670000e+00  -3.8540000e+00  -3.6880000e+00  -3.6270000e+00  -3.5900000e+00  -3.5640000e+00  -3.5470000e+00  -3.5380000e+00  -1.0821500e+02  -1.0821500e+02  -1.0812300e+02  -6.6015000e+01  -1.7145000e+01  -7.8060000e+00  -6.0220000e+00  -5.5530000e+00  -5.3570000e+00  -5.2660000e+00  -1.0821500e+02  -1.0821500e+02  -1.0821500e+02  -1.0821500e+02  -1.0821500e+02  -1.0821100e+02  -1.0653500e+02  -5.0393000e+01  -1.6444000e+01  -8.1490000e+00
  -9.3980000e+01  -6.8916000e+01  -2.3080000e+01  -1.0986000e+01  -7.3440000e+00  -6.4510000e+00  -6.2080000e+00  -6.1110000e+00  -6.0660000e+00  -6.0430000e+00  -9.4048000e+01  -9.4048000e+01  -9.4048000e+01  -9.4048000e+01  -9.4043000e+01  -9.3757000e+01  -8.3160000e+01  -4.4859000e+01  -2.2719000e+01  -1.3926000e+01  -9.4048000e+01  -9.4048000e+01  -9.4048000e+01  -9.4048000e+01  -9.4048000e+01  -9.4048000e+01  -9.4048000e+01  -9.4048000e+01  -9.4048000e+01  -9.4048000e+01
  -9.3474000e+01  -6.8564000e+01  -2.3363000e+01  -1.1280000e+01  -7.5970000e+00  -6.6780000e+00  -6.4390000e+00  -6.3340000e+00  -6.2870000e+00  -6.2610000e+00  -9.3541000e+01  -9.3541000e+01  -9.3541000e+01  -9.3541000e+01  -9.3537000e+01  -9.3287000e+01  -8.3047000e+01  -4.5161000e+01  -2.3120000e+01  -1.4257000e+01  -9.3541000e+01  -9.3541000e+01  -9.3541000e+01  -9.3541000e+01  -9.3541000e+01  -9.3541000e+01  -9.3541000e+01  -9.3541000e+01  -9.3541000e+01  -9.3541000e+01
  -4.5425000e+01  -9.0180000e+00  -6.1820000e+00  -5.6350000e+00  -5.3760000e+00  -5.2520000e+00  -5.2040000e+00  -5.1900000e+00  -5.1880000e+00  -5.1870000e+00  -1.0789900e+02  -1.0789400e+02  -9.1346000e+01  -2.4170000e+01  -1.1111000e+01  -8.3760000e+00  -7.5400000e+00  -7.2780000e+00  -7.2160000e+00  -7.2080000e+00  -1.0789900e+02  -1.0789900e+02  -1.0789900e+02  -1.0789900e+02  -1.0787500e+02  -9.4638000e+01  -2.8864000e+01  -1.1913000e+01  -8.8120000e+00  -8.1280000e+00
  -7.2197000e+01  -1.2071000e+01  -4.0410000e+00  -3.3430000e+00  -3.1990000e+00  -3.1540000e+00  -3.1330000e+00  -3.1270000e+00  -3.1110000e+00  -3.0980000e+00  -7.7785000e+01  -7.7785000e+01  -7.7780000e+01  -7.2033000e+01  -2.3630000e+01  -8.6610000e+00  -5.5250000e+00  -4.9510000e+00  -4.7910000e+00  -4.7180000e+00  -7.7785000e+01  -7.7785000e+01  -7.7785000e+01  -7.7785000e+01  -7.7785000e+01  -7.7785000e+01  -7.7750000e+01  -7.0315000e+01  -2.8759000e+01  -1.1639000e+01
  -7.3000000e+01  -1.1451000e+01  -4.8420000e+00  -4.1040000e+00  -3.9160000e+00  -3.8520000e+00  -3.7950000e+00  -3.7690000e+00  -3.7530000e+00  -3.7440000e+00  -8.9505000e+01  -8.9505000e+01  -8.9453000e+01  -6.6593000e+01  -1.9467000e+01  -8.7080000e+00  -6.4960000e+00  -5.8880000e+00  -5.6350000e+00  -5.5120000e+00  -8.9505000e+01  -8.9505000e+01  -8.9505000e+01  -8.9505000e+01  -8.9505000e+01  -8.9502000e+01  -8.8915000e+01  -5.7166000e+01  -2.0027000e+01  -9.5640000e+00
  -8.4620000e+01  -4.8122000e+01  -1.6799000e+01  -9.2810000e+00  -7.4300000e+00  -7.0110000e+00  -6.8730000e+00  -6.8050000e+00  -6.7710000e+00  -6.7520000e+00  -8.4845000e+01  -8.4845000e+01  -8.4845000e+01  -8.4844000e+01  -8.4742000e+01  -7.8449000e+01  -4.3708000e+01  -2.1693000e+01  -1.3501000e+01  -1.0246000e+01  -8.4845000e+01  -8.4845000e+01  -8.4845000e+01  -8.4845000e+01  -8.4845000e+01  -8.4845000e+01  -8.4845000e+01  -8.4845000e+01  -8.4845000e+01  -8.4836000e+01
  -6.1768000e+01  -1.0042000e+01  -5.6620000e+00  -4.9450000e+00  -4.7050000e+00  -4.5820000e+00  -4.5120000e+00  -4.4820000e+00  -4.4710000e+00  -4.4680000e+00  -1.0721400e+02  -1.0721400e+02  -1.0566100e+02  -4.2019000e+01  -1.4430000e+01  -8.6030000e+00  -7.1410000e+00  -6.6240000e+00  -6.4450000e+00  -6.3990000e+00  -1.0721400e+02  -1.0721400e+02  -1.0721400e+02  -1.0721400e+02  -1.0721400e+02  -1.0703300e+02  -7.9094000e+01  -2.4691000e+01  -1.0916000e+01  -8.0240000e+00
  -7.2017000e+01  -1.0972000e+01  -5.1470000e+00  -4.4010000e+00  -4.1990000e+00  -4.1040000e+00  -4.0440000e+00  -4.0070000e+00  -3.9920000e+00  -3.9880000e+00  -9.9733000e+01  -9.9732000e+01  -9.9536000e+01  -6.0160000e+01  -1.7632000e+01  -8.6990000e+00  -6.7800000e+00  -6.1780000e+00  -5.9170000e+00  -5.8220000e+00  -9.9733000e+01  -9.9733000e+01  -9.9733000e+01  -9.9733000e+01  -9.9733000e+01  -9.9721000e+01  -9.6662000e+01  -4.4903000e+01  -1.6219000e+01  -8.7070000e+00
  -7.4233000e+01  -1.0288000e+01  -3.6520000e+00  -3.1470000e+00  -3.0400000e+00  -3.0070000e+00  -2.9900000e+00  -2.9820000e+00  -2.9640000e+00  -2.9560000e+00  -8.4706000e+01  -8.4706000e+01  -8.4686000e+01  -6.8483000e+01  -1.7793000e+01  -6.9710000e+00  -5.0660000e+00  -4.7340000e+00  -4.5950000e+00  -4.5190000e+00  -8.4706000e+01  -8.4706000e+01  -8.4706000e+01  -8.4706000e+01  -8.4706000e+01  -8.4706000e+01  -8.4447000e+01  -5.8622000e+01  -1.8921000e+01  -8.3510000e+00
  -7.6372000e+01  -1.3836000e+01  -6.0640000e+00  -4.9590000e+00  -4.6650000e+00  -4.5220000e+00  -4.4450000e+00  -4.3940000e+00  -4.3670000e+00  -4.3540000e+00  -9.2776000e+01  -9.2776000e+01  -9.2739000e+01  -7.6991000e+01  -2.5732000e+01  -1.1647000e+01  -8.0100000e+00  -6.9460000e+00  -6.5070000e+00  -6.3100000e+00  -9.2776000e+01  -9.2776000e+01  -9.2776000e+01  -9.2776000e+01  -9.2776000e+01  -9.2775000e+01  -9.2582000e+01  -7.5654000e+01  -2.9374000e+01  -1.3210000e+01
  -7.2576000e+01  -1.1492000e+01  -4.7460000e+00  -4.0420000e+00  -3.8660000e+00  -3.8040000e+00  -3.7650000e+00  -3.7380000e+00  -3.7220000e+00  -3.7130000e+00  -8.6809000e+01  -8.6809000e+01  -8.6772000e+01  -6.7081000e+01  -1.9527000e+01  -8.5530000e+00  -6.3380000e+00  -5.8020000e+00  -5.5710000e+00  -5.4550000e+00  -8.6809000e+01  -8.6809000e+01  -8.6809000e+01  -8.6809000e+01  -8.6809000e+01  -8.6808000e+01  -8.6441000e+01  -5.8375000e+01  -2.0421000e+01  -9.6260000e+00
  -8.9105000e+01  -1.5771000e+01  -7.6030000e+00  -6.1700000e+00  -5.6790000e+00  -5.4270000e+00  -5.2760000e+00  -5.1950000e+00  -5.1600000e+00  -5.1520000e+00  -1.3366300e+02  -1.3366300e+02  -1.3354800e+02  -9.4948000e+01  -3.0093000e+01  -1.4227000e+01  -9.6860000e+00  -8.1720000e+00  -7.5470000e+00  -7.3000000e+00  -1.3366300e+02  -1.3366300e+02  -1.3366300e+02  -1.3366300e+02  -1.3366300e+02  -1.3366100e+02  -1.3324900e+02  -9.3157000e+01  -3.1221000e+01  -1.4317000e+01
  -7.4118000e+01  -9.8650000e+00  -3.9310000e+00  -3.4340000e+00  -3.2990000e+00  -3.2590000e+00  -3.2340000e+00  -3.2160000e+00  -3.2010000e+00  -3.1930000e+00  -9.1516000e+01  -9.1516000e+01  -9.1468000e+01  -6.2873000e+01  -1.6025000e+01  -6.9560000e+00  -5.4080000e+00  -5.0590000e+00  -4.9050000e+00  -4.8160000e+00  -9.1516000e+01  -9.1516000e+01  -9.1516000e+01  -9.1516000e+01  -9.1516000e+01  -9.1514000e+01  -9.0603000e+01  -4.8159000e+01  -1.5737000e+01  -7.6900000e+00
  -6.1395000e+01  -1.0801000e+01  -6.1360000e+00  -5.3880000e+00  -5.1410000e+00  -5.0090000e+00  -4.9340000e+00  -4.8980000e+00  -4.8850000e+00  -4.8810000e+00  -9.7816000e+01  -9.7816000e+01  -9.6869000e+01  -4.3591000e+01  -1.5327000e+01  -9.2000000e+00  -7.6820000e+00  -7.1230000e+00  -6.9080000e+00  -6.8430000e+00  -9.7816000e+01  -9.7816000e+01  -9.7816000e+01  -9.7816000e+01  -9.7816000e+01  -9.7702000e+01  -7.9444000e+01  -2.7078000e+01  -1.2018000e+01  -8.6640000e+00
  -7.4501000e+01  -1.1611000e+01  -5.7180000e+00  -4.8570000e+00  -4.5910000e+00  -4.4620000e+00  -4.3840000e+00  -4.3370000e+00  -4.3230000e+00  -4.3200000e+00  -1.1436800e+02  -1.1436800e+02  -1.1409700e+02  -6.2181000e+01  -1.8861000e+01  -9.5620000e+00  -7.3500000e+00  -6.6280000e+00  -6.3370000e+00  -6.2350000e+00  -1.1436800e+02  -1.1436800e+02  -1.1436800e+02  -1.1436800e+02  -1.1436800e+02  -1.1435600e+02  -1.1038800e+02  -4.5468000e+01  -1.6454000e+01  -9.1170000e+00
  -6.3567000e+01  -1.0173000e+01  -5.6740000e+00  -5.0190000e+00  -4.7980000e+00  -4.6910000e+00  -4.6270000e+00  -4.5950000e+00  -4.5830000e+00  -4.5790000e+00  -1.1028400e+02  -1.1028400e+02  -1.0931700e+02  -4.3120000e+01  -1.4359000e+01  -8.5590000e+00  -7.1990000e+00  -6.7170000e+00  -6.5350000e+00  -6.4850000e+00  -1.1028400e+02  -1.1028400e+02  -1.1028400e+02  -1.1028400e+02  -1.1028400e+02  -1.1018400e+02  -8.4129000e+01  -2.5602000e+01  -1.1175000e+01  -8.1310000e+00
  -7.8935000e+01  -1.3764000e+01  -6.8000000e+00  -5.7360000e+00  -5.4060000e+00  -5.2460000e+00  -5.1420000e+00  -5.0870000e+00  -5.0620000e+00  -5.0530000e+00  -1.1125500e+02  -1.1125500e+02  -1.1116300e+02  -7.4756000e+01  -2.3448000e+01  -1.1591000e+01  -8.6530000e+00  -7.6710000e+00  -7.2460000e+00  -7.0710000e+00  -1.1125500e+02  -1.1125500e+02  -1.1125500e+02  -1.1125500e+02  -1.1125500e+02  -1.1125300e+02  -1.1041100e+02  -6.4784000e+01  -2.3157000e+01  -1.1693000e+01
  -8.3884000e+01  -1.4109000e+01  -5.8650000e+00  -4.7670000e+00  -4.4830000e+00  -4.3610000e+00  -4.2930000e+00  -4.2490000e+00  -4.2220000e+00  -4.2090000e+00  -1.0190000e+02  -1.0190000e+02  -1.0187400e+02  -8.7003000e+01  -2.7568000e+01  -1.1776000e+01  -7.8130000e+00  -6.7490000e+00  -6.3270000e+00  -6.1320000e+00  -1.0190000e+02  -1.0190000e+02  -1.0190000e+02  -1.0190000e+02  -1.0190000e+02  -1.0190000e+02  -1.0177800e+02  -8.7494000e+01  -3.3349000e+01  -1.4169000e+01
  -6.6452000e+01  -1.1558000e+01  -4.6010000e+00  -3.9610000e+00  -3.8080000e+00  -3.7560000e+00  -3.7270000e+00  -3.7070000e+00  -3.6940000e+00  -3.6850000e+00  -7.5204000e+01  -7.5204000e+01  -7.5190000e+01  -6.3824000e+01  -1.9765000e+01  -8.3590000e+00  -6.1310000e+00  -5.6750000e+00  -5.4810000e+00  -5.3820000e+00  -7.5204000e+01  -7.5204000e+01  -7.5204000e+01  -7.5204000e+01  -7.5204000e+01  -7.5203000e+01  -7.5050000e+01  -5.7463000e+01  -2.1172000e+01  -9.8490000e+00
  -9.0226000e+01  -1.5135000e+01  -7.2500000e+00  -5.9000000e+00  -5.4490000e+00  -5.2200000e+00  -5.0770000e+00  -5.0080000e+00  -4.9810000e+00  -4.9770000e+00  -1.4129500e+02  -1.4129500e+02  -1.4112800e+02  -9.4034000e+01  -2.8478000e+01  -1.3421000e+01  -9.2780000e+00  -7.8700000e+00  -7.2900000e+00  -7.0680000e+00  -1.4129500e+02  -1.4129500e+02  -1.4129500e+02  -1.4129500e+02  -1.4129500e+02  -1.4129200e+02  -1.4040800e+02  -8.8082000e+01  -2.8691000e+01  -1.3243000e+01
  -7.6825000e+01  -1.3463000e+01  -4.3720000e+00  -3.4920000e+00  -3.3200000e+00  -3.2650000e+00  -3.2350000e+00  -3.2160000e+00  -3.2040000e+00  -3.1940000e+00  -8.2225000e+01  -8.2225000e+01  -8.2221000e+01  -7.8472000e+01  -2.9134000e+01  -1.0267000e+01  -5.9830000e+00  -5.2300000e+00  -4.9850000e+00  -4.8660000e+00  -8.2225000e+01  -8.2225000e+01  -8.2225000e+01  -8.2225000e+01  -8.2225000e+01  -8.2225000e+01  -8.2209000e+01  -7.9108000e+01  -3.9484000e+01  -1.4977000e+01
  -4.6144000e+01  -6.0670000e+00  -3.7020000e+00  -3.4880000e+00  -3.4290000e+00  -3.4050000e+00  -3.3880000e+00  -3.3750000e+00  -3.3670000e+00  -3.3620000e+00  -7.0707000e+01  -7.0707000e+01  -6.8870000e+01  -2.0917000e+01  -7.1880000e+00  -5.4730000e+00  -5.1620000e+00  -5.0370000e+00  -4.9710000e+00  -4.9450000e+00  -7.0707000e+01  -7.0707000e+01  -7.0707000e+01  -7.0707000e+01  -7.0705000e+01  -6.9428000e+01  -3.0467000e+01  -1.0324000e+01  -6.4110000e+00  -5.8690000e+00
